478500270
447043236
444600881
457180352
443733332
447956590
447825236
446121888
459463741
446613825
482371951
446746208
447416148
444050814
483421292
447680976
794645337
490394909
489035603
497198047
448417672
487692440
489593163
450794156
447481143
488969954
445681540
448300930
462822256
445613625
446091424
470947733
462780401
446273028
445943983
445462547
492472463
489413113
447843416
456290415
495527769
447038981
495314023
443526285
486971090
496857117
495147572
445664210
487822988
462252253
486660138
499651154
487953254
489625007
447104925
493124169
442248822
446002943
488429116
445666176
569640415
444329431
441396298
489215262
464291960
440823089
489101949
537511641
444728888
448628403
486578688
447399614
442969419
481268682
453889887
440757811
442887757
462168610
462840431
447308491
446665023
459248959
447170544
501564786
489068927
444872504
445957913
459499352
530511372
526584334
624817739
581750191
489805620
461937513
448624570
482418864
503912489
495071630
